303 486
301
539 345
484
174 252
461
487 291
114
373 210
347
36 408
341
503 516
520
80 310
157
305 478
540
256 385
236
419 493
471
371 156
468
398 404
21
307 491
0
136 326
106
195 111
535
250 322
378
289 386
61
378 494
54
431 122
437
139 364
123
321 145
72
182 316
508
182 113
91
131 115
454
54 183
407
490 405
168
33 216
62
161 283
245
116 505
477
71 222
17
394 450
547
449 546
177
406 496
248
78 25
346
59 360
414
344 242
308
404 166
430
139 483
414
252 12
520
274 49
268
316 375
80
547 206
100
259 38
269
367 370
69
223 529
332
302 93
284
147 179
293
47 375
25
135 166
107
544 403
230
259 243
77
374 479
521
392 479
83
474 151
507
482 110
333
455 174
332
168 63
234
303 381
400
397 348
67
426 362
143
177 40
213
28 14
295
26 38
340
96 442
85
179 105
540
312 125
56
541 178
385
452 13
18
240 459
148
492 229
104
444 283
105
273 199
53
91 69
327
336 123
297
399 5
98
433 83
326
448 430
1
315 384
83
96 291
380
113 422
477
54 324
475
309 335
402
20 82
247
285 501
395
210 88
406
400 501
185
175 308
271
354 476
244
442 44
334
528 372
5
1 436
396
26 489
513
328 51
142
321 100
198
474 417
418
87 258
219
105 81
552
431 529
131
470 405
511
397 102
69
126 518
258
455 277
410
51 162
108
180 144
64
223 190
225
126 22
443
361 374
101
340 330
318
537 258
353
265 10
430
232 471
552
217 375
309
277 13
146
367 23
222
156 146
439
257 523
7
366 104
165
62 343
267
516 520
243
420 148
300
291 443
525
19 155
168
315 466
496
550 129
29
250 517
276
195 54
160
485 266
265
54 249
530
113 105
415
550 470
420
439 189
47
488 456
353
357 292
383
320 250
505
114 143
124
53 340
139
134 78
459
86 546
318
55 508
265
174 362
355
233 434
101
503 504
257
274 185
276
432 169
238
386 258
310
213 111
159
515 336
263
266 85
100
522 143
158
146 399
228
509 406
59
400 138
180
283 184
96
292 507
52
5 511
89
261 63
156
299 268
358
187 64
538
255 466
399
105 130
237
87 97
106
549 110
351
168 297
418
174 461
505
406 212
454
325 176
540
188 518
275
301 189
190
115 477
138
346 260
108
370 166
28
442 411
393
406 516
354
132 35
106
505 226
292
235 226
46
4 261
423
488 502
1
135 534
475
102 471
318
257 173
400
439 192
347
319 392
177
40 449
324
268 405
477
159 78
433
7 324
0
535 346
373
68 172
408
311 94
106
207 39
171
398 214
228
175 256
413
58 174
61
481 344
368
454 229
509
62 307
144
141 147
273
16 513
244
422 380
125
456 523
362
94 203
506
125 481
102
172 15
57
231 145
24
495 41
381
305 176
320
504 77
542
253 471
88
234 455
105
247 375
288
191 360
284
171 164
111
360 176
361
158 161
201
53 199
154
342 399
158
482 284
53
48 20
226
264 364
353
541 195
373
351 230
485
199 276
380
462 432
435
230 433
309
461 405
20
43 188
356
352 181
503
433 437
31
214 221
438
437 184
405
489 399
36
281 428
127
335 279
9
173 55
363
117 285
11
506 27
57
153 188
133
548 541
46
122 414
342
156 151
208
111 537
202
311 502
409
118 328
118
186 37
53
164 406
138
309 454
408
97 137
273
112 468
324
550 19
467
235 211
122
104 98
143
550 364
107
458 527
438
300 119
64
432 101
371
14 523
165
467 362
247
3 364
355
494 345
383
211 546
459
323 115
413
520 395
12
41 542
465
404 415
278
359 143
103
487 253
345
225 284
293
259 248
520
270 368
500
217 517
478
256 10
326
130 46
415
210 244
470
483 444
463
293 501
507
157 63
185
473 486
166
112 24
355
465 88
59
268 78
268
260 424
74
536 191
55
179 477
208
255 476
35
143 529
523
241 548
553
432 119
365
347 511
24
162 214
489
47 44
424
308 282
336
116 300
356
435 552
239
445 191
400
519 187
43
538 175
355
138 150
254
438 266
267
163 320
69
64 331
408
224 451
238
511 206
99
437 26
326
370 417
348
48 261
517
512 449
398
20 364
54
525 251
255
513 219
425
313 338
300
275 393
17
347 344
488
265 27
392
18 451
106
236 59
380
52 252
231
515 529
457
491 24
548
232 109
206
123 370
356
49 274
534
145 83
349
279 132
479
167 79
309
218 158
248
81 38
81
472 378
21
209 81
223
387 225
257
119 239
247
507 245
228
386 400
497
71 547
382
368 384
297
43 160
107
210 79
153
383 313
257
305 381
64
116 416
535
169 431
379
151 310
380
182 419
400
322 204
360
189 90
490
33 294
3
207 538
54
405 442
76
192 387
503
488 136
331
537 372
252
323 462
248
28 134
280
258 160
270
320 122
147
460 196
84
401 203
53
176 425
123
58 148
342
161 97
145
309 535
510
456 303
62
211 549
47
249 128
271
498 186
94
196 483
325
109 335
22
552 82
495
52 157
434
304 174
287
249 154
526
159 355
517
378 468
167
158 270
369
146 96
13
112 133
344
285 477
534
291 436
449
255 170
549
317 80
296
101 255
279
216 342
477
4 238
547
69 210
195
279 200
438
538 408
195
399 431
325
160 376
38
35 401
91
101 456
368
191 188
54
415 373
415
229 419
520
531 159
427
65 510
504
341 80
77
499 348
83
210 337
193
31 271
45
445 539
438
163 264
451
177 335
463
58 281
491
0 168
27
135 470
263
515 409
235
202 162
310
466 199
363
514 156
485
67 433
46
299 127
186
307 258
19
452 553
251
450 128
379
422 67
62
404 25
85
309 11
102
116 67
432
201 271
122
239 226
204
90 207
347
98 353
102
436 191
402
393 327
394
474 214
322
237 229
462
129 212
180
54 440
108
218 53
524
515 116
131
494 23
321
510 535
368
21 497
418
488 279
433
90 463
323
6 482
314
239 356
65
283 198
143
363 512
172
541 27
276
232 282
107
273 179
542
530 486
200
87 448
146
127 318
117
249 295
75
55 75
427
257 538
438
314 73
77
526 52
96
453 12
425
551 325
317
30 104
422
232 340
447
322 247
534
111 222
10
399 279
178
56 443
437
122 143
118
100 86
388
406 236
91
33 191
539
296 314
271
509 0
493
71 408
531
6 490
31
267 370
22
300 415
193
31 276
236
351 441
275
496 256
169
437 131
87
399 339
521
543 19
209
104 168
491
108 299
450
409 172
76
481 524
161
142 435
98
112 241
437
443 486
278
488 546
460
294 98
363
358 160
398
412 287
467
57 265
537
233 206
294
548 526
262
119 330
33
233 43
352
129 160
228
12 387
242
119 327
444
37 185
311
176 303
544
358 395
16
213 469
474
522 227
345
258 144
468
475 398
48
235 187
531
383 385
356
293 90
246
350 70
416
64 245
522
317 522
371
67 199
92
482 539
289
73 175
75
147 240
81
57 249
242
107 137
53
157 442
371
156 524
251
357 190
190
450 487
463
287 37
534
81 385
518
530 313
417
171 158
134
536 59
250
294 473
366
45 547
512
54 416
262
112 194
91
30 262
296
196 526
40
360 433
498
276 102
1
387 298
530
550 356
495
28 514
150
110 551
22
213 166
317
219 228
216
146 384
459
533 249
396
318 545
322
276 70
464
530 549
403
553 430
383
350 181
335
501 118
234
376 154
450
145 51
131
50 494
281
251 18
225
355 536
332
283 145
500
91 198
169
27 464
31
350 300
370
224 17
217
326 65
542
529 240
307
131 432
410
216 51
20
51 549
453
283 147
539
186 56
116
516 346
526
153 274
105
435 237
468
37 248
431
172 173
328
187 369
409
68 266
295
198 408
25
453 95
130
267 382
28
98 53
280
60 316
0
340 354
211
1 235
218
96 102
134
415 54
199
63 523
411
359 446
1
184 422
439
105 12
66
46 403
95
223 0
396
162 485
70
509 324
351
315 9
428
139 42
20
36 129
261
537 354
471
105 470
26
54 453
349
246 301
326
498 43
240
231 407
292
485 299
233
435 39
454
161 191
521
494 404
25
185 500
260
203 391
521
112 438
18
114 478
122
65 546
494
160 420
245
110 503
388
78 521
136
249 530
355
139 40
532
82 44
291
263 71
397
74 61
524
1 471
553
135 91
550
149 190
233
235 511
111
72 339
325
160 263
548
364 72
173
36 203
456
130 261
115
2 386
293
121 318
18
25 100
147
473 378
363
141 551
35
429 471
94
30 361
16
110 539
476
450 257
169
417 222
320
14 461
168
318 89
497
77 374
299
382 213
245
245 67
180
70 353
226
306 553
423
152 297
11
427 203
7
273 189
307
465 176
283
168 130
530
406 478
521
233 54
347
356 401
277
72 519
33
104 480
453
365 66
73
380 544
479
480 314
102
284 456
471
196 500
373
247 171
273
540 89
352
66 209
519
364 342
426
459 412
207
9 450
342
535 364
344
291 166
489
368 382
179
385 119
181
75 168
8
150 252
156
219 397
57
142 460
188
92 353
67
221 33
23
62 340
379
503 362
311
88 463
518
286 253
275
337 551
63
270 536
309
135 290
63
20 30
124
120 374
452
379 180
1
9 283
456
111 469
135
232 463
405
339 7
547
405 69
296
346 487
521
519 181
210
157 486
34
184 117
418
157 30
255
360 344
232
80 215
117
512 12
60
247 32
360
298 21
290
80 192
221
90 17
51
318 337
309
60 534
55
341 183
286
130 108
288
69 329
208
291 23
410
398 477
297
129 143
194
47 462
152
553 196
6
15 100
239
429 295
466
411 87
337
27 420
7
451 343
433
295 19
199
343 194
447
371 266
270
279 552
160
199 96
477
4 380
414
108 119
313
197 7
368
388 365
251
162 549
129
204 153
95
442 505
88
197 376
383
529 290
16
552 498
321
425 417
254
306 52
432
473 144
180
117 19
464
180 438
168
517 157
509
54 27
55
527 203
429
247 135
177
249 40
384
29 243
24
490 460
431
326 21
202
185 125
372
195 170
103
229 359
298
338 355
146
383 235
308
495 425
204
24 290
45
370 0
354
247 511
499
415 159
462
244 308
479
109 366
86
446 78
353
61 250
150
243 372
244
293 459
256
454 491
166
451 276
62
295 106
36
315 196
376
391 124
193
153 51
435
73 143
166
476 281
19
277 238
14
280 45
264
64 463
84
453 485
24
344 545
414
461 523
295
415 543
373
503 463
158
3 19
9
88 348
490
265 190
295
139 311
347
429 36
302
335 175
494
481 38
371
439 442
128
356 449
495
271 487
368
432 347
203
406 10
252
514 426
38
321 333
424
472 267
215
352 415
321
154 300
183
378 469
363
245 86
0
109 335
308
265 221
520
293 277
356
20 417
514
123 451
410
275 209
177
229 337
243
55 74
229
16 507
199
43 33
21
183 200
193
397 60
479
100 151
29
256 117
177
297 171
46
203 417
260
169 459
395
432 189
292
291 80
391
86 185
88
14 76
47
541 204
503
143 536
50
141 306
170
335 11
55
47 281
384
101 11
547
364 277
170
27 75
352
518 337
166
121 155
537
131 187
493
71 519
536
298 43
7
329 401
332
412 270
486
286 523
242
235 389
402
142 22
457
455 470
199
208 206
541
451 404
465
552 140
21
539 114
448
216 76
181
205 345
538
312 148
372
449 416
138
174 155
297
442 103
148
81 175
331
30 548
86
41 532
148
542 232
514
380 299
325
3 456
14
420 510
175
235 496
482
198 69
420
475 425
45
423 247
158
388 19
536
480 385
32
208 87
553
441 333
318
339 408
145
11 244
417
523 2
153
52 413
375
354 255
357
205 142
427
15 107
268
254 440
320
293 381
275
386 455
543
0 428
419
300 147
446
478 378
307
27 60
214
187 268
129
89 457
191
162 387
10
344 95
509
45 379
101
279 389
491
159 444
550
390 30
417
26 81
548
457 108
441
1 384
294
535 425
76
471 88
170
90 247
361
371 356
478
53 172
50
161 343
198
543 215
301
32 496
274
394 528
473
152 104
274
87 468
372
365 183
2
71 363
481
507 291
84
273 516
329
524 352
159
483 488
337
304 505
373
230 72
239
130 323
338
470 517
101
520 207
497
418 310
406
25 174
164
381 95
276
369 19
458
372 523
136
222 256
301
325 150
399
349 99
145
325 5
356
444 456
322
290 197
6
23 208
254
231 132
234
440 492
260
546 263
34
182 345
384
21 338
14
311 509
199
336 493
210
124 362
490
77 200
229
398 462
99
481 320
539
173 442
182
408 508
359
548 250
68
191 123
276
102 160
69
113 499
523
13 284
494
470 512
89
386 216
49
214 208
347
539 537
390
332 303
171
206 329
283
363 346
254
280 246
103
222 228
356
502 74
264
418 444
540
301 340
304
388 79
74
15 183
141
57 504
498
453 44
206
176 227
345
543 537
100
303 306
184
197 193
60
541 92
472
490 470
235
396 387
492
362 398
352
372 451
128
512 443
279
156 45
547
306 297
329
177 76
46
540 121
286
432 318
231
371 285
236
277 173
534
59 157
516
484 187
211
243 163
159
476 348
231
218 274
86
478 116
476
267 465
286
385 467
7
96 192
480
393 241
62
433 510
446
63 109
329
88 336
10
88 203
365
17 436
253
439 509
431
456 311
109
435 60
183
374 385
188
551 493
172
47 138
367
347 498
167
500 49
39
432 156
516
28 187
127
309 448
303
361 151
435
282 153
519
59 288
505
13 473
341
471 386
393
194 345
522
93 11
68
174 60
473
35 159
192
84 322
387
137 265
369
74 388
551
68 426
302
209 243
65
350 308
353
202 0
291
389 114
465
526 295
488
536 348
156
479 498
87
444 356
457
340 241
406
275 165
377
179 241
455
78 13
403
197 151
421
74 478
333
480 135
37
495 394
545
330 284
234
60 474
551
117 490
377
204 130
504
262 19
7
293 33
225
513 180
136
321 516
244
335 375
330
451 442
22
16 304
486
329 420
386
93 178
314
508 539
443
359 419
256
69 111
325
545 501
385
313 266
532
26 388
350
148 85
534
273 137
162
148 37
479
226 394
66
460 18
313
331 222
305
218 545
378
336 455
47
70 0
252
467 417
291
456 53
302
376 441
225
5 291
415
466 373
386
363 373
228
106 5
214
80 538
193
480 122
421
273 180
171
317 205
509
25 157
438
419 455
266
207 136
92
214 17
477
390 305
62
523 446
442
328 355
490
147 544
306
475 151
435
300 437
342
61 483
103
419 308
109
93 71
334
130 228
280
38 15
502
393 502
262
40 15
457
524 64
346
529 332
269
120 296
252
433 165
474
134 319
68
147 194
189
270 401
253
521 317
253
412 44
167
463 204
50
177 95
358
340 458
254
233 250
13
503 215
104
519 417
387
284 489
143
366 510
106
272 370
274
420 191
167
288 87
110
66 288
98
295 29
227
231 269
174
285 501
16
284 406
235
84 113
275
267 390
421
442 135
535
176 347
189
362 396
215
119 124
366
3 435
303
123 287
225
241 273
98
70 512
396
524 487
511
349 508
499
109 184
193
43 142
296
239 459
230
15 221
293
186 487
189
512 201
418
424 151
50
132 453
343
498 204
494
201 202
79
270 138
226
490 154
104
506 284
275
442 360
247
226 372
160
270 478
19
493 530
26
325 150
435
464 502
117
309 23
181
11 273
433
524 197
413
460 198
504
169 336
81
515 271
105
145 396
65
345 417
372
406 398
281
68 133
37
7 244
182
323 324
313
478 145
456
19 332
119
311 171
190
229 428
241
499 12
14
169 498
309
296 77
136
19 406
349
346 28
511
353 87
299
163 29
470
535 262
69
69 226
379
338 280
436
50 344
158
522 109
282
240 381
80
147 446
89
510 154
70
477 254
344
362 278
31
446 451
418
65 345
74
531 552
48
497 12
401
408 123
524
241 164
237
548 540
329
457 331
327
22 437
173
124 536
50
221 270
250
166 535
124
47 17
430
204 234
163
361 115
464
124 542
268
545 155
269
128 543
78
91 251
384
518 210
270
134 56
375
276 202
467
238 432
549
509 312
126
30 384
45
1 139
253
491 407
250
388 452
33
553 378
77
62 246
515
159 71
500
497 73
98
255 203
79
512 448
19
483 67
376
50 5
176
200 173
447
375 432
532
167 146
551
229 129
36
12 342
279
426 216
377
231 339
364
481 372
298
418 438
185
75 170
419
246 245
152
518 489
307
426 158
293
153 456
324
414 204
79
323 522
281
159 146
277
478 532
496
105 167
169
258 541
230
58 141
208
336 7
325
22 506
171
461 456
471
269 452
531
241 82
513
75 383
196
240 159
257
284 530
262
467 182
143
519 93
28
513 325
512
325 108
261
527 282
550
232 389
154
477 98
419
49 477
437
21 171
7
192 254
391
542 213
452
406 141
168
150 201
205
518 231
391
365 230
437
309 72
128
358 109
511
57 198
548
475 193
214
110 278
111
69 315
124
456 331
354
152 164
394
465 532
253
13 164
9
269 371
515
7 385
328
198 364
133
398 264
83
353 416
537
370 261
106
46 553
296
177 424
182
280 393
49
53 279
252
293 285
183
478 521
206
306 254
36
69 463
351
120 372
305
379 500
265
482 495
87
451 47
47
320 22
67
530 143
183
471 357
238
158 60
128
206 485
217
161 40
79
260 193
383
109 184
295
540 348
125
78 393
427
432 327
533
293 375
466
367 543
69
214 197
388
339 537
499
511 374
491
511 491
167
336 144
348
467 62
480
134 69
272
367 184
295
186 533
141
283 407
495
100 231
177
33 57
529
446 477
135
72 263
179
171 518
330
439 499
44
348 313
520
23 455
508
248 274
166
145 480
162
318 406
399
383 96
165
12 410
514
71 438
213
501 21
301
90 324
310
204 155
57
247 128
238
314 122
138
183 400
432
32 148
385
317 78
152
154 553
88
250 127
109
375 278
6
22 197
391
89 452
260
203 285
213
553 248
474
434 388
510
381 62
242
75 307
219
530 46
392
135 35
89
118 515
117
516 249
542
120 58
72
405 133
235
10 238
48
186 440
96
274 377
548
477 275
315
369 89
111
378 520
449
19 240
427
361 139
117
25 6
44
222 245
323
30 410
149
124 475
115
480 355
297
122 227
453
407 109
216
330 346
258
302 405
204
65 384
340
93 305
264
139 262
56
145 303
119
261 209
197
97 84
31
256 533
442
47 171
399
368 12
289
526 287
238
370 187
524
153 155
94
488 420
178
146 214
315
104 97
368
192 434
7
237 336
100
440 258
160
331 188
434
552 414
234
303 512
209
352 297
57
305 361
383
289 296
53
543 204
72
515 404
483
313 148
400
185 425
197
520 474
393
120 67
20
163 167
306
488 412
146
321 1
201
310 181
4
313 43
34
491 397
233
321 153
309
457 364
93
340 228
416
245 435
411
440 316
81
326 162
22
205 320
230
515 341
186
76 272
23
282 152
453
67 122
271
55 242
202
149 60
264
1 198
9
139 413
422
132 540
395
478 373
483
440 394
539
325 107
472
432 340
414
116 209
157
538 154
299
189 34
413
141 431
15
255 548
347
184 350
114
365 263
380
508 126
63
434 139
208
445 375
22
345 506
159
226 485
525
210 189
416
410 443
264
488 472
318
100 20
17
509 261
217
73 450
263
157 405
159
520 410
96
67 3
553
183 127
481
29 158
463
493 387
34
269 396
335
22 241
201
91 246
19
218 439
44
174 189
363
310 11
288
500 9
297
8 304
353
0 291
305
413 106
4
99 287
509
419 334
298
299 498
133
384 287
253
476 173
72
257 154
7
428 293
469
170 7
95
73 285
228
477 551
245
202 312
422
256 52
440
440 418
0
152 353
329
264 361
495
14 546
395
404 361
16
16 102
288
546 242
214
454 402
474
323 33
113
282 44
536
138 26
504
528 69
516
96 95
240
196 22
96
530 88
396
316 211
203
43 374
450
49 494
342
27 45
244
187 114
340
302 230
360
238 5
2
179 35
361
214 484
34
123 179
503
4 196
186
365 173
90
359 533
150
211 545
39
336 6
395
405 488
178
137 531
134
70 438
409
320 347
443
189 417
104
411 319
425
394 2
368
415 465
220
545 424
216
68 507
168
397 528
357
520 399
285
345 309
553
444 31
318
73 494
255
87 494
183
483 453
446
413 241
374
78 280
194
148 367
45
42 279
125
354 513
468
159 342
432
32 403
366
381 396
27
480 513
34
401 288
223
172 350
383
88 170
181
223 316
261
104 224
496
210 297
157
545 377
249
524 115
279
0 56
384
246 298
260
277 5
263
217 207
489
392 281
90
417 243
430
103 290
483
465 224
249
517 409
208
90 195
258
498 342
59
301 510
40
396 527
54
169 346
516
77 214
294
82 40
137
454 340
99
141 239
482
220 142
365
76 104
180
245 309
271
441 458
246
306 547
393
62 296
89
165 128
472
68 14
280
56 480
281
292 433
185
332 51
471
168 440
334
224 84
235
249 1
471
475 278
6
428 27
233
263 320
25
550 41
472
131 495
60
186 229
409
456 149
167
68 204
358
366 220
527
6 190
468
54 9
480
202 207
29
550 362
514
509 284
76
123 445
209
422 240
345
77 239
111
400 494
155
223 106
178
413 279
108
260 266
280
288 428
256
72 364
86
334 321
164
69 492
275
328 192
509
347 518
92
311 1
142
365 122
194
437 511
415
185 110
170
434 102
35
151 546
88
485 49
206
321 503
307
212 266
189
366 124
314
12 197
549
325 246
550
225 51
476
467 269
553
91 279
0
460 261
365
42 148
199
393 381
32
225 463
379
168 308
65
373 297
32
270 202
304
182 518
148
108 69
430
500 330
94
409 322
348
326 127
178
110 458
478
355 339
472
79 460
472
246 281
214
266 46
42
74 175
495
162 130
60
387 22
531
336 307
452
418 210
302
34 225
345
423 468
378
54 188
167
381 329
336
171 468
338
208 92
327
532 192
258
119 141
173
397 180
259
415 387
431
74 237
241
357 77
132
79 36
503
8 0
352
176 482
424
15 74
241
423 95
455
481 407
53
284 24
531
226 521
334
344 85
515
443 97
448
525 13
3
37 108
104
309 400
466
203 342
306
181 439
382
108 32
290
96 26
146
198 248
63
139 216
324
328 546
118
251 160
123
534 294
5
371 354
477
405 192
302
252 415
115
273 104
122
37 35
98
313 535
361
276 53
105
414 63
500
362 550
449
257 8
80
294 206
149
189 492
186
183 21
42
163 24
123
515 397
277
284 363
466
257 266
248
311 326
310
289 341
366
311 471
14
136 266
483
356 298
275
353 20
459
144 345
405
498 451
519
307 274
102
425 246
439
11 306
248
302 342
385
210 205
200
10 485
148
246 438
94
322 314
186
411 142
237
492 229
536
537 320
215
146 380
537
286 534
404
89 42
295
100 174
83
315 132
334
297 114
158
175 194
137
334 406
317
362 236
266
294 360
308
542 414
123
149 550
292
425 211
250
173 469
108
252 399
396
317 244
170
445 405
191
456 6
119
487 128
526
253 479
458
409 37
252
33 131
326
228 367
219
489 459
459
60 382
235
224 410
428
287 141
329
276 26
491
265 175
324
500 320
345
397 131
348
67 387
314
146 539
133
311 440
342
90 27
431
157 494
308
337 448
206
360 115
534
8 152
411
252 244
190
17 175
402
177 516
46
501 419
543
315 88
45
144 132
170
379 538
399
244 456
244
457 134
365
366 509
263
195 143
152
143 44
182
540 352
81
383 116
145
324 47
359
204 31
315
81 366
375
408 406
493
230 205
348
55 463
488
183 383
385
298 111
271
95 292
244
119 508
189
358 283
98
105 377
363
538 349
235
409 479
210
353 177
451
348 414
57
312 400
400
88 438
165
46 412
145
349 60
84
152 416
153
153 205
251
147 411
80
69 452
115
544 68
6
389 269
367
1 122
35
259 119
66
74 127
509
275 117
370
305 175
104
330 400
340
228 484
299
532 72
492
526 518
474
69 307
307
376 118
310
284 277
109
236 334
345
156 147
310
270 158
317
443 431
83
320 303
252
166 281
63
251 374
428
285 518
32
477 287
542
23 176
239
65 474
100
52 53
23
357 537
548
487 152
210
218 62
38
351 352
121
454 220
162
404 112
474
289 523
411
172 90
402
277 372
86
149 89
28
517 473
422
418 132
231
42 535
186
451 196
217
496 258
460
400 516
478
265 412
409
266 309
366
430 124
347
250 325
281
149 177
176
32 452
531
435 488
104
173 426
380
467 499
69
45 278
435
57 150
465
115 462
194
82 107
14
450 445
395
15 435
524
368 14
297
423 202
431
230 119
323
443 204
135
343 440
317
151 124
444
413 472
517
178 226
383
65 264
502
399 510
415
368 355
434
168 206
1
129 102
547
483 307
39
84 256
286
220 145
2
373 291
234
233 139
72
513 131
44
249 503
282
180 40
191
47 429
285
543 135
476
307 462
117
135 306
68
413 318
201
80 489
523
458 395
543
540 158
524
68 243
109
545 32
229
228 285
227
463 37
128
466 233
269
369 246
521
20 152
57
364 257
257
50 321
304
361 364
254
271 71
330
325 511
416
88 500
210
210 115
123
532 250
50
315 516
16
296 394
462
446 39
506
396 117
166
236 140
308
391 246
402
355 410
341
552 408
76
437 287
516
406 535
67
499 44
16
81 514
355
14 144
327
174 237
142
536 297
69
230 320
443
378 198
103
85 48
232
415 211
230
202 283
382
165 51
521
211 204
301
231 176
263
240 24
8
279 355
258
499 250
187
355 540
117
387 281
524
396 108
98
446 531
86
412 349
324
251 491
173
537 553
465
227 459
511
153 237
154
250 471
177
64 12
184
532 164
119
377 183
416
279 135
253
384 454
260
332 379
394
245 231
212
289 192
237
441 408
170
419 374
459
497 377
243
409 17
387
66 480
382
1 533
468
551 32
260
85 324
212
40 423
269
346 543
285
431 34
192
392 368
374
23 539
102
278 203
378
40 320
509
260 171
310
380 337
110
540 414
356
444 32
488
470 484
37
451 537
177
197 534
149
526 541
192
266 527
104
48 237
537
479 164
224
337 273
224
69 403
59
108 96
544
540 348
473
415 395
221
414 305
53
9 93
503
24 385
390
272 407
165
469 260
411
450 459
205
492 275
344
89 447
58
489 525
550
74 97
284
328 51
9
274 433
69
412 25
435
9 389
427
429 424
441
364 521
278
30 117
457
300 474
195
124 257
285
294 196
339
2 289
195
507 471
33
444 151
469
404 47
428
532 287
296
407 552
543
63 33
314
300 250
461
278 509
261
311 435
429
254 164
132
132 131
136
368 198
330
387 263
529
553 147
222
441 273
392
158 416
284
460 496
307
302 113
504
379 121
318
249 533
320
100 433
386
495 186
425
303 383
108
70 489
235
1 62
24
217 34
79
225 159
298
244 353
405
238 48
213
320 218
342
481 54
351
3 9
302
50 255
352
313 47
456
546 355
55
441 530
35
96 293
124
259 383
199
310 140
356
241 208
429
272 519
169
228 398
328
498 54
516
499 477
412
398 338
47
254 125
40
280 410
469
109 243
162
281 337
210
19 78
21
531 535
495
293 5
140
81 456
67
91 301
33
6 251
552
242 291
404
304 294
203
205 4
436
188 379
124
405 319
368
116 331
520
45 334
39
209 431
550
163 491
453
3 151
443
521 418
140
126 369
274
207 541
191
223 28
320
355 452
311
394 529
78
468 485
437
156 318
101
57 393
521
291 343
531
164 86
324
327 316
438
164 329
175
268 127
537
170 171
274
251 330
288
347 223
232
116 174
443
318 125
354
166 190
311
303 316
36
382 145
188
357 480
215
257 270
541
232 226
360
132 17
514
157 129
298
276 523
505
474 354
259
361 320
494
508 353
308
108 197
412
161 517
66
450 167
213
301 78
124
65 396
179
376 347
487
270 232
453
356 405
345
85 332
108
84 340
456
306 346
124
421 134
547
232 31
58
46 541
311
519 308
405
36 113
516
199 535
196
299 463
464
370 57
400
124 429
201
486 136
417
271 436
323
5 35
271
29 189
126
86 549
155
504 24
46
203 250
312
296 214
107
100 169
279
0 413
183
58 377
547
530 209
16
22 103
344
451 107
207
356 307
93
264 27
184
78 292
542
282 328
302
442 451
58
510 366
344
78 448
70
323 352
410
452 212
91
107 231
294
216 234
52
176 409
517
359 90
419
190 95
95
421 472
461
121 60
443
217 70
491
260 81
264
416 392
84
358 284
150
156 155
329
459 476
87
230 22
538
125 100
305
110 342
127
367 112
77
121 112
52
412 46
129
310 464
360
286 121
416
425 324
248
198 295
480
225 145
520
390 111
401
194 228
39
171 27
55
440 276
409
75 250
139
310 342
422
291 126
422
246 191
282
34 452
248
50 229
66
374 160
242
66 415
238
455 375
260
485 504
324
128 78
212
318 375
467
246 186
245
480 323
349
304 529
3
288 214
421
432 142
458
236 428
314
340 41
83
129 243
342
161 122
374
496 234
392
301 40
410
116 160
544
133 278
384
78 357
376
431 293
548
37 350
258
407 59
178
486 358
188
456 421
394
182 482
25
252 544
369
28 237
299
458 363
390
95 223
267
472 287
464
296 190
54
200 264
220
308 94
184
47 17
302
25 502
113
178 434
151
71 204
475
385 447
455
353 330
275
300 490
294
517 46
358
380 1
356
414 477
247
23 293
321
144 418
368
444 510
438
385 60
232
326 340
539
159 128
500
88 294
213
480 400
59
366 351
78
245 455
524
467 385
537
238 334
430
348 107
498
362 551
520
134 364
87
46 100
198
339 401
257
346 372
191
71 375
87
447 113
549
98 3
510
546 487
502
444 453
400
203 467
79
57 424
125
525 65
462
533 229
160
107 286
104
37 70
196
53 417
307
314 331
261
51 533
10
503 528
222
123 369
493
375 169
395
378 427
332
401 382
336
54 360
343
390 440
150
265 31
233
279 178
181
280 92
284
232 488
288
29 551
435
481 526
496
465 174
388
358 226
5
140 320
164
84 259
186
412 485
75
163 355
499
118 132
312
284 404
125
473 60
320
371 342
389
42 504
5
429 42
269
47 493
12
368 439
165
10 333
163
346 413
102
396 373
343
255 212
134
3 29
526
529 50
495
430 535
62
512 495
112
0 284
215
43 507
165
315 195
361
543 385
98
303 545
437
261 46
535
63 258
394
45 320
509
234 147
253
282 140
270
457 235
138
25 339
57
407 230
7
427 496
51
422 407
45
172 126
424
416 176
175
92 52
425
180 341
251
77 159
391
538 440
393
506 301
423
321 497
503
282 503
194
321 315
79
182 305
414
387 368
410
208 253
317
246 540
392
103 257
463
206 153
547
6 29
97
496 310
532
70 35
192
267 486
469
501 412
502
98 4
224
143 69
254
122 145
183
58 249
43
163 165
378
231 147
47
552 293
397
462 298
408
14 322
147
443 507
207
299 439
421
291 12
417
171 463
77
444 256
132
322 479
353
291 130
482
340 80
210
53 527
309
62 181
93
100 209
168
242 531
285
140 248
339
434 386
467
28 475
142
466 486
512
414 265
402
3 450
438
295 148
398
470 390
426
455 189
430
512 59
119
264 302
388
410 14
4
214 379
355
215 443
489
162 250
339
451 6
495
482 318
271
318 386
306
145 258
10
421 165
81
426 497
254
85 147
307
15 268
109
242 440
331
439 381
227
463 385
179
108 429
356
357 204
115
173 443
489
176 368
485
135 186
108
203 224
497
484 354
214
218 193
204
227 265
456
281 35
262
129 168
211
185 335
116
162 488
50
354 170
533
367 388
422
372 221
204
254 414
408
63 405
362
435 258
226
225 85
321
359 426
436
551 455
35
528 55
203
84 190
485
232 215
56
500 149
268
497 99
292
519 81
542
324 210
278
203 477
462
255 487
469
272 129
319
373 164
532
304 529
201
303 96
122
426 168
88
488 495
483
118 385
315
503 531
233
454 357
28
38 163
472
267 468
30
270 540
192
512 346
342
296 450
376
202 294
551
366 208
344
456 468
549
57 219
240
466 50
279
331 477
34
142 261
500
367 352
233
297 312
25
185 55
41
390 20
409
176 340
93
496 207
196
131 292
435
342 15
410
230 117
293
122 227
332
354 212
300
516 31
326
455 74
109
493 52
186
182 264
249
110 322
484
47 534
174
538 491
509
293 171
152
99 343
211
131 459
216
190 79
16
18 356
318
509 515
291
227 311
170
396 7
89
502 369
56
348 109
504
476 413
250
551 238
286
112 62
206
56 331
306
105 414
387
235 332
316
518 292
106
276 218
0
327 305
490
538 428
113
249 406
34
226 487
442
127 492
66
125 79
168
106 450
519
273 240
229
99 382
62
9 248
340
151 446
433
106 144
15
517 84
315
229 232
37
91 93
341
125 120
433
43 413
68
345 372
224
237 238
310
83 291
68
356 181
50
427 1
473
523 97
262
433 76
240
485 84
250
93 54
162
530 150
102
177 164
68
280 470
319
293 33
416
450 530
321
270 220
319
219 298
109
396 365
156
211 222
470
348 40
393
266 218
214
259 215
249
455 13
235
424 195
538
8 393
345
262 41
227
213 91
205
154 339
7
403 425
384
149 547
216
151 428
252
233 270
395
536 68
435
202 439
167
278 257
486
133 209
128
240 100
24
538 126
423
83 144
524
68 101
310
467 321
114
133 525
147
129 423
284
305 424
431
84 127
141
17 424
192
464 214
373
385 221
156
62 252
482
75 307
37
245 101
416
305 21
537
525 415
399
168 329
62
240 81
454
494 421
226
195 547
239
163 250
441
122 55
94
240 496
62
412 391
92
523 324
357
479 307
465
388 362
505
377 524
294
426 265
548
482 183
315
405 292
520
201 495
66
156 550
197
448 361
99
93 132
234
396 155
467
188 37
4
239 14
78
237 333
146
507 207
182
100 492
384
400 421
476
481 55
168
335 487
146
267 530
378
200 425
153
338 311
510
113 275
5
25 528
334
290 343
304
156 393
217
290 392
542
227 43
68
441 372
21
344 538
25
318 253
360
293 140
501
62 366
278
427 438
140
331 280
294
13 460
276
534 333
375
522 249
121
130 452
227
291 482
544
313 162
63
147 552
496
518 506
112
479 20
469
328 325
496
239 37
494
199 424
115
191 92
7
510 316
39
249 349
166
264 199
534
171 155
508
470 407
497
506 2
254
406 216
293
282 214
324
488 178
157
291 363
205
444 203
250
25 210
371
331 304
458
506 241
122
81 262
469
387 164
276
443 376
349
96 524
178
170 243
461
145 509
456
268 367
499
407 105
440
39 470
443
133 134
386
12 440
330
231 327
59
304 298
422
519 316
431
545 17
544
468 524
15
390 471
135
118 256
360
277 505
160
217 532
380
419 189
310
498 457
289
329 137
442
475 216
86
323 487
407
15 62
317
521 7
439
87 411
223
358 149
312
171 239
501
505 353
7
144 67
485
35 468
188
501 80
246
136 113
149
471 271
409
181 529
535
537 66
279
117 399
360
352 493
61
348 200
140
392 433
434
316 320
150
495 24
310
481 448
48
143 42
295
80 488
421
132 246
284
311 38
326
400 45
87
203 397
304
372 200
472
401 83
223
238 162
456
242 222
448
422 227
15
58 132
96
407 397
221
515 231
16
403 301
275
310 146
299
365 448
511
129 481
365
410 429
326
75 491
515
279 74
104
488 48
112
250 120
300
111 166
382
245 63
315
34 323
420
121 367
300
500 526
208
453 515
143
328 482
88
514 423
378
246 439
471
367 387
106
334 201
365
161 402
366
83 449
245
149 228
407
132 418
318
443 467
45
258 267
138
240 527
56
222 172
333
215 20
121
105 468
254
163 266
174
223 174
225
444 320
3
229 352
393
541 407
38
364 450
393
12 437
191
326 499
93
396 302
115
509 248
422
303 100
56
463 537
263
505 384
478
131 51
474
329 136
505
301 435
253
334 249
472
295 162
103
247 118
322
489 380
487
307 425
242
500 400
452
85 347
80
126 135
91
157 231
234
334 421
447
212 262
228
317 242
107
71 4
222
518 40
91
504 399
476
75 425
308
36 64
411
211 301
13
385 417
19
529 133
135
418 442
489
54 137
101
71 93
482
345 523
252
71 284
508
173 387
430
439 469
433
114 305
525
421 262
365
323 456
464
291 344
129
4 461
456
358 189
538
546 179
115
110 265
315
122 390
463
266 260
246
214 491
302
120 336
161
149 545
144
138 223
422
369 13
56
258 62
412
61 358
291
398 342
14
63 140
72
311 225
324
349 411
307
310 510
312
529 508
109
524 35
99
239 155
137
351 169
229
125 304
463
541 505
229
503 260
196
494 6
282
163 268
411
32 74
412
117 284
79
186 355
402
116 553
455
295 493
484
335 415
371
293 430
162
51 116
26
227 535
483
168 377
15
468 173
398
381 442
475
247 473
227
132 344
326
210 463
301
36 551
498
263 358
3
275 317
409
144 88
435
457 42
20
6 87
456
338 466
495
230 257
470
553 25
207
227 204
332
170 296
463
491 162
66
49 491
122
408 487
64
198 552
51
403 464
234
343 340
281
422 459
67
344 285
228
384 210
173
49 69
456
326 524
61
385 474
95
275 228
78
52 103
345
403 277
415
47 329
142
435 53
431
244 402
194
134 71
306
92 91
84
374 53
256
82 404
367
384 214
177
219 181
288
500 180
253
181 390
504
441 396
106
400 148
298
442 336
223
517 398
191
13 147
545
139 262
349
10 426
301
118 264
38
393 541
17
280 388
525
320 199
513
100 284
261
283 221
239
27 534
476
68 165
212
43 49
381
113 143
547
20 482
31
536 166
145
222 315
45
188 60
44
534 523
483
204 1
390
394 112
497
430 131
416
291 339
179
459 213
465
475 207
289
225 531
467
231 241
418
129 448
146
239 522
247
13 410
509
304 534
228
502 272
294
64 479
102
541 312
179
542 423
547
430 27
315
86 215
385
33 421
332
445 362
534
116 225
264
145 189
294
425 431
194
182 94
320
237 209
263
221 358
130
281 212
488
31 251
513
40 505
144
61 259
523
29 355
220
436 64
450
143 152
375
247 91
155
228 206
106
498 202
184
516 249
394
137 196
337
267 409
503
219 210
539
259 450
217
255 341
163
189 507
358
469 373
449
343 257
347
187 255
153
140 532
302
333 407
489
298 466
467
409 198
466
115 403
544
170 246
324
39 354
187
175 84
478
267 434
64
386 107
323
62 452
370
414 503
352
11 21
149
10 291
275
60 128
228
236 348
314
550 398
4
98 509
304
197 549
485
476 14
242
375 408
393
82 391
159
116 129
410
43 514
78
322 398
548
86 293
324
445 478
196
50 539
118
357 60
33
500 316
459
347 237
441
29 459
186
336 340
238
46 0
54
295 79
365
111 48
307
338 275
234
519 223
180
441 500
545
360 138
498
269 22
322
324 419
21
176 391
498
127 513
276
114 302
503
96 60
155
105 17
317
81 131
47
350 513
113
192 537
521
191 56
353
131 522
168
128 91
466
104 136
145
335 46
284
324 169
362
305 80
550
408 546
44
170 307
355
404 270
2
194 279
75
534 425
122
443 521
206
204 509
75
440 520
479
456 347
97
342 475
127
375 205
431
155 113
29
135 476
500
166 7
27
512 13
334
73 16
360
132 236
356
484 237
106
263 262
274
233 46
544
408 301
319
351 489
83
212 187
119
463 261
235
487 168
172
148 532
55
374 137
1
359 381
55
372 416
305
518 407
463
493 87
342
34 535
145
376 116
389
463 344
106
333 165
111
184 71
253
77 179
332
496 235
278
157 498
290
334 306
132
444 445
55
288 9
24
147 409
8
98 86
251
377 366
435
389 119
26
292 255
346
53 359
84
400 60
416
269 460
135
431 328
363
208 152
365
449 38
450
115 523
254
507 527
264
253 3
464
303 101
244
23 299
143
251 505
126
471 45
203
138 182
456
379 539
377
247 423
486
169 447
456
485 376
362
443 71
115
90 532
345
234 251
519
484 325
546
426 29
353
145 188
185
6 125
130
162 507
107
457 461
309
428 345
528
166 481
219
303 524
218
316 516
382
439 97
137
443 141
38
27 483
140
199 373
209
436 253
409
174 449
237
3 64
21
126 36
277
383 124
410
336 321
345
36 372
551
503 250
525
34 106
272
534 64
32
83 116
100
155 198
79
288 332
450
144 304
290
391 304
408
425 377
477
169 324
85
456 333
292
301 291
515
3 25
247
511 477
245
445 77
485
473 155
430
5 97
356
176 547
529
455 157
242
256 514
440
256 520
368
520 328
411
46 354
179
269 146
53
135 432
501
71 191
380
350 52
353
552 447
276
174 121
247
72 130
165
190 199
535
486 468
426
1 527
305
490 325
516
200 420
501
133 123
96
297 299
287
317 356
314
500 126
483
182 429
258
74 503
274
250 349
455
85 39
383
156 510
433
107 119
483
251 377
36
442 525
323
268 464
71
41 462
43
228 180
150
405 459
173
522 51
7
511 444
154
383 89
550
264 104
343
121 345
266
318 156
251
102 335
250
304 243
134
63 38
3
493 549
541
237 383
3
523 159
96
142 349
214
269 332
342
39 187
535
61 130
242
392 299
405
393 481
528
76 140
508
316 429
88
468 176
39
530 332
317
364 542
547
541 314
493
338 197
324
392 503
311
199 523
24
470 544
106
208 49
53
194 8
68
137 33
13
154 147
147
242 365
534
365 235
70
435 213
390
380 444
516
17 506
187
270 475
241
145 25
289
536 451
39
100 513
442
108 144
545
105 326
178
357 337
403
45 181
44
513 354
262
12 549
353
316 119
92
314 288
531
137 214
46
109 154
330
365 57
524
189 519
195
515 282
465
187 96
267
152 288
366
539 525
341
544 150
47
177 270
288
437 80
260
140 436
358
553 400
325
209 410
255
302 129
405
425 492
269
217 417
356
365 159
43
238 145
79
149 164
85
423 372
92
235 152
415
358 232
139
216 411
373
496 124
507
272 50
75
549 316
11
93 63
15
253 402
133
40 366
210
99 63
218
510 355
155
310 462
55
283 231
200
525 31
359
196 259
64
34 538
483
509 479
124
20 294
74
195 207
18
396 16
130
120 131
73
327 241
163
305 213
41
509 261
507
96 521
343
107 414
430
155 10
252
545 129
190
245 279
181
6 56
288
413 129
99
66 118
424
341 142
269
489 481
396
114 506
516
108 238
355
426 146
521
404 249
345
156 237
431
179 259
310
291 72
522
487 245
55
551 71
405
448 148
240
35 202
388
6 227
331
37 110
420
319 40
71
414 1
381
524 485
426
442 326
210
170 511
399
113 297
190
199 52
243
203 139
219
415 375
454
328 439
407
111 487
502
194 168
351
77 190
477
248 26
269
428 331
165
162 49
8
164 28
488
164 333
6
239 359
306
320 331
500
354 244
132
477 542
542
143 129
21
463 244
378
319 499
406
169 529
509
16 438
217
379 195
132
355 248
118
358 506
109
432 154
267
228 436
13
484 396
293
245 338
62
538 129
76
225 452
255
150 62
244
232 534
509
72 87
553
390 278
381
42 59
84
26 278
100
235 527
52
462 179
48
465 39
128
130 498
510
104 229
319
330 360
205
364 500
149
517 6
334
125 436
519
317 422
121
213 235
77
73 256
294
109 223
139
343 422
262
158 94
450
43 273
252
104 458
131
182 77
422
480 153
130
433 217
327
481 483
252
258 430
460
69 40
120
439 370
417
211 385
10
22 192
457
206 527
14
112 330
244
489 240
362
518 453
287
95 415
179
536 457
304
122 67
360
511 252
473
407 195
191
16 52
278
41 36
466
59 169
409
504 177
478
405 103
237
86 128
134
426 209
303
444 436
28
187 329
363
278 536
321
197 236
442
531 54
82
109 315
426
382 448
552
282 129
406
24 341
378
38 381
51
13 11
245
292 131
342
457 521
148
12 461
315
374 258
54
255 412
3
405 343
501
470 223
337
165 132
289
59 36
341
398 453
377
136 287
80
485 548
508
287 379
485
280 7
305
31 429
313
219 103
274
78 164
272
41 394
524
533 58
238
61 480
407
297 497
104
429 248
514
406 439
15
248 178
223
332 79
372
39 372
383
39 137
270
159 378
60
165 24
343
58 208
102
250 432
549
376 269
181
552 187
428
11 541
228
208 383
184
502 499
536
426 200
148
346 28
126
52 238
232
249 305
449
483 545
308
374 479
332
129 254
391
509 377
454
48 33
170
47 274
426
183 535
422
520 543
509
512 88
211
6 449
422
328 361
323
482 367
269
28 155
463
129 209
119
207 261
139
231 453
359
69 122
325
369 443
331
56 273
347
394 534
177
326 301
535
460 235
348
15 387
269
434 118
243
428 132
491
485 13
25
137 361
236
122 484
256
171 236
269
28 276
461
213 229
525
216 473
199
260 366
342
274 59
476
496 158
144
19 537
296
309 448
291
210 473
342
405 455
190
539 482
324
333 385
368
440 355
31
229 529
464
476 463
230
15 527
105
294 347
510
381 125
203
7 493
50
234 433
347
126 188
265
36 461
313
308 118
318
17 368
377
311 552
349
482 249
92
257 166
446
250 179
84
353 192
444
59 229
135
451 111
9
435 93
537
469 326
128
298 510
201
383 223
467
495 306
120
8 339
186
195 74
399
3 116
34
259 497
390
345 353
538
185 198
468
68 266
388
154 271
468
112 68
211
187 290
87
533 512
485
303 426
186
26 505
23
170 317
186
409 403
24
327 212
311
228 186
380
325 160
76
78 240
127
17 441
156
249 285
266
106 366
200
255 69
375
483 265
436
399 431
250
39 3
179
86 373
25
44 512
516
386 242
534
108 280
399
397 136
402
538 362
235
407 384
246
140 105
86
311 110
125
130 488
475
357 486
348
532 1
173
39 138
493
93 176
344
41 291
161
486 198
111
506 470
65
241 71
394
550 17
467
513 328
438
243 23
287
453 349
142
351 546
103
360 131
130
50 152
544
131 42
458
321 478
99
531 100
541
394 117
272
537 229
238
391 479
96
106 425
536
213 41
251
224 51
538
289 471
4
426 147
77
314 347
282
186 443
300
120 320
77
448 494
252
271 302
523
151 410
237
527 131
203
256 396
302
119 480
137
90 549
482
51 265
512
217 145
532
340 168
64
25 307
550
135 160
413
89 249
495
503 477
447
38 536
536
501 537
437
500 63
34
148 333
150
182 49
463
153 373
231
387 66
294
116 264
79
413 303
475
236 76
319
541 302
401
52 401
113
464 346
513
306 271
237
224 33
347
473 152
342
546 236
166
328 346
141
122 12
234
445 49
258
144 292
525
52 272
446
553 111
245
324 208
484
512 447
105
121 78
522
212 198
276
212 334
217
3 371
36
61 494
418
182 205
486
341 255
11
198 524
449
77 525
285
218 102
327
129 179
481
212 352
285
550 71
518
336 400
324
233 113
70
511 340
157
225 216
323
458 388
453
387 507
278
443 538
26
74 404
103
481 433
136
549 375
179
40 46
422
191 384
245
283 75
242
536 102
228
289 316
166
425 429
113
117 264
405
350 144
66
322 204
454
42 229
348
303 459
512
352 267
281
381 243
522
483 25
322
80 496
289
312 402
366
373 48
261
200 497
95
215 447
141
193 65
65
242 381
350
532 356
145
344 181
499
417 329
390
530 94
140
371 90
122
51 55
5
405 386
397
220 316
77
427 353
309
303 219
39
476 18
62
276 495
417
372 181
282
95 228
224
47 219
10
72 394
219
195 259
23
342 162
192
434 464
474
404 400
515
452 526
150
465 59
16
295 474
163
462 28
45
295 553
317
10 401
245
269 334
216
522 352
225
346 344
94
250 365
482
308 21
339
59 217
28
100 327
340
124 397
523
169 250
1
18 301
215
156 237
235
435 274
267
519 520
65
215 371
133
99 501
245
545 125
189
446 520
212
480 278
135
233 156
491
184 321
386
523 507
236
453 408
546
28 307
530
339 326
548
2 522
276
147 548
146
532 206
48
292 527
283
485 514
338
14 482
280
512 311
549
84 402
142
24 550
314
416 152
334
262 488
250
68 338
158
113 402
387
232 35
353
198 539
437
401 177
247
339 230
247
14 101
58
542 234
274
64 494
229
40 493
324
359 308
451
108 456
396
370 448
495
157 447
123
507 362
91
140 358
547
481 446
120
105 484
254
424 25
551
538 256
404
521 478
280
230 342
472
372 248
239
205 152
65
287 161
308
225 159
167
4 384
191
431 141
186
225 506
521
266 180
285
253 346
460
185 190
467
430 100
234
402 161
541
136 120
145
367 261
475
495 281
27
364 89
43
415 202
278
510 495
83
343 446
43
22 303
294
511 70
212
216 335
199
321 448
190
260 387
191
530 68
469
302 57
404
335 294
93
462 536
528
86 395
349
541 277
367
351 419
424
119 434
68
75 254
47
398 538
384
301 447
376
144 223
82
275 50
444
141 214
495
449 457
0
31 350
481
320 135
301
546 314
373
208 159
505
179 29
549
97 525
85
294 210
157
436 313
442
197 53
361
307 198
500
267 403
134
367 286
332
333 238
268
58 397
162
164 484
145
44 551
410
48 301
54
90 17
32
45 461
445
240 36
388
392 221
193
129 235
409
433 61
444
39 235
220
84 260
208
322 140
345
71 149
280
179 496
97
359 496
495
234 454
509
243 204
139
495 47
300
402 37
238
460 249
532
416 523
34
0 13
38
296 325
516
188 255
128
281 349
309
226 530
367
210 397
4
223 37
522
126 158
324
371 299
270
17 533
500
270 251
354
212 235
380
93 50
344
270 230
505
2 147
396
51 400
485
330 536
351
277 59
193
54 34
425
286 31
265
546 269
112
129 545
544
198 493
512
177 439
63
1 325
462
348 233
274
4 345
172
282 305
15
56 494
264
502 107
157
156 121
189
26 286
17
192 47
415
274 233
489
387 531
90
312 360
85
446 278
1
74 274
256
280 266
432
24 280
148
101 35
398
258 529
278
419 518
339
381 433
125
104 9
90
370 417
361
96 517
104
98 107
172
16 208
214
497 91
238
324 159
522
91 244
220
313 547
510
506 245
430
232 444
477
320 239
277
505 140
71
79 194
284
92 139
326
545 269
526
264 523
358
272 46
362
112 336
124
71 409
210
138 202
498
331 428
405
350 363
55
383 544
550
468 324
224
387 258
533
403 83
363
384 316
238
17 408
500
395 377
55
470 354
336
31 228
69
397 44
497
21 450
391
192 437
166
289 180
332
431 12
79
524 258
469
8 249
340
8 76
253
505 233
296
74 150
397
41 330
29
57 91
336
224 261
318
336 370
287
198 448
96
174 421
294
547 113
206
393 372
398
212 64
227
525 103
287
446 75
23
112 550
275
31 304
177
300 239
343
231 118
461
68 108
520
385 218
413
91 60
108
321 142
146
460 504
539
67 466
491
380 515
271
45 162
517
362 472
506
250 18
273
81 74
266
138 460
348
197 543
322
61 211
66
141 299
160
89 277
257
355 503
295
535 80
371
132 265
503
347 365
196
525 185
525
415 240
317
502 38
154
202 128
120
141 515
482
425 57
493
233 210
246
444 340
471
291 253
356
63 543
53
270 114
107
183 404
438
295 323
120
30 233
195
121 235
18
10 550
264
303 208
232
323 31
111
350 31
108
548 154
213
65 418
315
164 513
249
176 218
60
283 192
227
307 135
210
314 367
14
69 314
38
270 529
552
370 241
543
506 355
424
303 135
131
108 35
305
177 125
299
510 478
447
424 212
330
378 372
165
407 214
362
275 430
136
85 217
219
15 13
349
446 513
177
111 246
416
27 453
260
207 197
33
95 550
113
98 390
547
116 524
246
43 539
548
270 105
536
43 511
265
26 161
379
428 367
233
386 456
406
333 421
227
487 522
364
477 150
259
271 264
476
132 258
234
35 550
479
121 287
515
194 477
247
263 315
389
517 258
462
297 231
115
205 488
357
327 288
205
378 40
504
144 160
530
496 245
113
204 78
206
240 533
384
198 354
212
353 260
70
276 552
66
56 499
252
500 353
354
275 320
468
435 483
479
454 361
508
330 435
304
226 121
419
371 55
496
514 129
248
454 460
453
174 267
203
194 284
96
33 344
389
201 80
269
206 314
283
418 372
256
190 221
486
452 28
62
249 243
63
171 92
484
41 230
473
172 399
276
19 220
302
390 242
408
122 179
81
20 152
213
303 325
201
43 351
490
160 219
193
105 444
371
58 367
259
423 307
160
185 478
363
116 537
544
259 211
399
98 276
192
376 497
142
266 542
529
432 243
37
359 353
5
517 378
101
209 335
236
325 295
200
265 273
430
78 197
30
65 284
91
68 179
437
458 295
260
250 436
384
184 257
173
61 232
159
8 426
289
417 257
113
46 392
197
362 55
127
257 32
371
121 96
98
163 520
538
134 406
504
311 202
228
474 436
75
476 170
8
209 372
100
275 194
160
186 7
354
104 481
10
489 35
31
373 488
132
404 161
237
509 32
524
440 249
265
474 368
109
359 540
502
328 227
135
166 456
441
540 356
517
342 148
429
215 479
548
438 210
29
297 96
223
167 46
479
462 144
368
241 471
361
238 178
264
551 18
442
182 362
36
356 11
532
196 139
204
194 519
491
77 65
536
495 119
310
521 497
432
53 473
263
263 203
510
254 436
44
48 248
4
362 381
71
415 322
297
533 9
179
288 447
389
230 87
131
434 58
411
225 224
128
6 499
491
431 366
5
304 39
92
354 234
183
342 333
457
498 479
25
228 121
13
378 260
535
56 388
498
264 316
38
4 262
177
308 401
177
396 439
7
51 304
534
276 30
124
503 311
76
126 385
538
447 524
355
511 329
275
470 133
82
452 213
56
281 459
9
38 474
524
154 347
503
162 196
308
278 480
15
159 341
10
422 164
344
311 117
80
221 382
420
291 334
514
400 375
200
463 131
188
457 524
540
387 317
100
162 59
46
532 389
257
531 487
217
73 316
372
295 357
293
486 248
52
432 199
182
300 217
535
173 143
480
99 206
478
107 245
91
549 48
423
320 433
220
92 261
58
